1.65201e-05 5.10266e-06 -0.234603 52.2383 21.6849 0.0449561
1.65201e-05 5.10266e-06 -0.234603 52.2383 21.6849 0.0449561
1.65201e-05 5.10266e-06 -0.234603 52.2383 21.6849 0.0449561
1.65201e-05 5.10266e-06 -0.234603 52.2383 21.6849 0.0449561
1.65201e-05 5.10266e-06 -0.234603 52.2383 21.6849 0.0449561
1.65126e-05 5.16673e-06 -0.234989 52.1908 21.7171 0.044955
1.65126e-05 5.16673e-06 -0.234989 52.1908 21.7171 0.044955
1.65126e-05 5.16673e-06 -0.234989 52.1908 21.7171 0.044955
1.65126e-05 5.16673e-06 -0.234989 52.1908 21.7171 0.044955
1.65126e-05 5.16673e-06 -0.234989 52.1908 21.7171 0.044955
1.65791e-05 5.07494e-06 -0.234569 52.2193 21.6808 0.0449584
1.65791e-05 5.07494e-06 -0.234569 52.2193 21.6808 0.0449584
1.65791e-05 5.07494e-06 -0.234569 52.2193 21.6808 0.0449584
1.65791e-05 5.07494e-06 -0.234569 52.2193 21.6808 0.0449584
1.65791e-05 5.07494e-06 -0.234569 52.2193 21.6808 0.0449584
1.65618e-05 5.07128e-06 -0.234509 52.223 21.696 0.0449557
1.65618e-05 5.07128e-06 -0.234509 52.223 21.696 0.0449557
1.65618e-05 5.07128e-06 -0.234509 52.223 21.696 0.0449557
1.65618e-05 5.07128e-06 -0.234509 52.223 21.696 0.0449557
1.65618e-05 5.07128e-06 -0.234509 52.223 21.696 0.0449557
1.65282e-05 5.12908e-06 -0.234378 52.2226 21.7007 0.0449608
1.65282e-05 5.12908e-06 -0.234378 52.2226 21.7007 0.0449608
1.65282e-05 5.12908e-06 -0.234378 52.2226 21.7007 0.0449608
1.65282e-05 5.12908e-06 -0.234378 52.2226 21.7007 0.0449608
1.65282e-05 5.12908e-06 -0.234378 52.2226 21.7007 0.0449608
1.64842e-05 5.20788e-06 -0.234472 52.2104 21.7067 0.0449613
1.64842e-05 5.20788e-06 -0.234472 52.2104 21.7067 0.0449613
1.64842e-05 5.20788e-06 -0.234472 52.2104 21.7067 0.0449613
1.64842e-05 5.20788e-06 -0.234472 52.2104 21.7067 0.0449613
1.64842e-05 5.20788e-06 -0.234472 52.2104 21.7067 0.0449613
1.65523e-05 5.18871e-06 -0.234498 52.2165 21.7087 0.0449617
1.65523e-05 5.18871e-06 -0.234498 52.2165 21.7087 0.0449617
1.65523e-05 5.18871e-06 -0.234498 52.2165 21.7087 0.0449617
1.65523e-05 5.18871e-06 -0.234498 52.2165 21.7087 0.0449617
1.65523e-05 5.18871e-06 -0.234498 52.2165 21.7087 0.0449617
1.65383e-05 5.18592e-06 -0.234517 52.214 21.7009 0.0449629
1.65383e-05 5.18592e-06 -0.234517 52.214 21.7009 0.0449629
1.65383e-05 5.18592e-06 -0.234517 52.214 21.7009 0.0449629
1.65383e-05 5.18592e-06 -0.234517 52.214 21.7009 0.0449629
1.65383e-05 5.18592e-06 -0.234517 52.214 21.7009 0.0449629
1.66123e-05 5.07469e-06 -0.234539 52.224 21.6889 0.0449583
1.66123e-05 5.07469e-06 -0.234539 52.224 21.6889 0.0449583
1.66123e-05 5.07469e-06 -0.234539 52.224 21.6889 0.0449583
1.66123e-05 5.07469e-06 -0.234539 52.224 21.6889 0.0449583
1.66123e-05 5.07469e-06 -0.234539 52.224 21.6889 0.0449583
1.65686e-05 5.07197e-06 -0.234661 52.2687 21.6899 0.044964
1.65686e-05 5.07197e-06 -0.234661 52.2687 21.6899 0.044964
1.65686e-05 5.07197e-06 -0.234661 52.2687 21.6899 0.044964
1.65686e-05 5.07197e-06 -0.234661 52.2687 21.6899 0.044964
1.65686e-05 5.07197e-06 -0.234661 52.2687 21.6899 0.044964
1.65498e-05 5.07009e-06 -0.23442 52.2284 21.7072 0.0449611
1.65498e-05 5.07009e-06 -0.23442 52.2284 21.7072 0.0449611
1.65498e-05 5.07009e-06 -0.23442 52.2284 21.7072 0.0449611
1.65498e-05 5.07009e-06 -0.23442 52.2284 21.7072 0.0449611
1.65498e-05 5.07009e-06 -0.23442 52.2284 21.7072 0.0449611
1.65259e-05 5.07251e-06 -0.234551 52.2296 21.7027 0.0449616
1.65259e-05 5.07251e-06 -0.234551 52.2296 21.7027 0.0449616
1.65259e-05 5.07251e-06 -0.234551 52.2296 21.7027 0.0449616
1.65259e-05 5.07251e-06 -0.234551 52.2296 21.7027 0.0449616
1.65259e-05 5.07251e-06 -0.234551 52.2296 21.7027 0.0449616
1.6575e-05 5.20145e-06 -0.23454 52.2167 21.7094 0.0449615
1.6575e-05 5.20145e-06 -0.23454 52.2167 21.7094 0.0449615
1.6575e-05 5.20145e-06 -0.23454 52.2167 21.7094 0.0449615
1.6575e-05 5.20145e-06 -0.23454 52.2167 21.7094 0.0449615
1.6575e-05 5.20145e-06 -0.23454 52.2167 21.7094 0.0449615
1.65768e-05 5.1568e-06 -0.234506 52.2162 21.7103 0.044959
1.65768e-05 5.1568e-06 -0.234506 52.2162 21.7103 0.044959
1.65768e-05 5.1568e-06 -0.234506 52.2162 21.7103 0.044959
1.65768e-05 5.1568e-06 -0.234506 52.2162 21.7103 0.044959
1.65768e-05 5.1568e-06 -0.234506 52.2162 21.7103 0.044959
1.65308e-05 5.07042e-06 -0.234467 52.2331 21.6971 0.0449584
1.65308e-05 5.07042e-06 -0.234467 52.2331 21.6971 0.0449584
1.65308e-05 5.07042e-06 -0.234467 52.2331 21.6971 0.0449584
1.65308e-05 5.07042e-06 -0.234467 52.2331 21.6971 0.0449584
1.65308e-05 5.07042e-06 -0.234467 52.2331 21.6971 0.0449584
1.65144e-05 5.17468e-06 -0.234521 52.2575 21.7016 0.0449645
1.65144e-05 5.17468e-06 -0.234521 52.2575 21.7016 0.0449645
1.65144e-05 5.17468e-06 -0.234521 52.2575 21.7016 0.0449645
1.65144e-05 5.17468e-06 -0.234521 52.2575 21.7016 0.0449645
1.65144e-05 5.17468e-06 -0.234521 52.2575 21.7016 0.0449645
1.66033e-05 5.07536e-06 -0.234662 52.2396 21.6773 0.0449593
1.66033e-05 5.07536e-06 -0.234662 52.2396 21.6773 0.0449593
1.66033e-05 5.07536e-06 -0.234662 52.2396 21.6773 0.0449593
1.66033e-05 5.07536e-06 -0.234662 52.2396 21.6773 0.0449593
1.66033e-05 5.07536e-06 -0.234662 52.2396 21.6773 0.0449593
1.65822e-05 5.06068e-06 -0.234677 52.2229 21.6915 0.0449589
1.65822e-05 5.06068e-06 -0.234677 52.2229 21.6915 0.0449589
1.65822e-05 5.06068e-06 -0.234677 52.2229 21.6915 0.0449589
1.65822e-05 5.06068e-06 -0.234677 52.2229 21.6915 0.0449589
1.65822e-05 5.06068e-06 -0.234677 52.2229 21.6915 0.0449589
1.65586e-05 5.04059e-06 -0.234732 52.2346 21.6769 0.0449596
1.65586e-05 5.04059e-06 -0.234732 52.2346 21.6769 0.0449596
1.65586e-05 5.04059e-06 -0.234732 52.2346 21.6769 0.0449596
1.65586e-05 5.04059e-06 -0.234732 52.2346 21.6769 0.0449596
1.65586e-05 5.04059e-06 -0.234732 52.2346 21.6769 0.0449596
1.65526e-05 5.05559e-06 -0.234688 52.2345 21.6777 0.044964
1.65526e-05 5.05559e-06 -0.234688 52.2345 21.6777 0.044964
1.65526e-05 5.05559e-06 -0.234688 52.2345 21.6777 0.044964
1.65526e-05 5.05559e-06 -0.234688 52.2345 21.6777 0.044964
1.65526e-05 5.05559e-06 -0.234688 52.2345 21.6777 0.044964
1.65631e-05 5.0616e-06 -0.234464 52.2638 21.6807 0.0449583
1.65631e-05 5.0616e-06 -0.234464 52.2638 21.6807 0.0449583
1.65631e-05 5.0616e-06 -0.234464 52.2638 21.6807 0.0449583
1.65631e-05 5.0616e-06 -0.234464 52.2638 21.6807 0.0449583
1.65631e-05 5.0616e-06 -0.234464 52.2638 21.6807 0.0449583
1.65769e-05 5.02494e-06 -0.234711 52.2288 21.6804 0.0449583
1.65769e-05 5.02494e-06 -0.234711 52.2288 21.6804 0.0449583
1.65769e-05 5.02494e-06 -0.234711 52.2288 21.6804 0.0449583
1.65769e-05 5.02494e-06 -0.234711 52.2288 21.6804 0.0449583
1.65769e-05 5.02494e-06 -0.234711 52.2288 21.6804 0.0449583
1.65906e-05 5.09728e-06 -0.234646 52.2432 21.6734 0.0449579
1.65906e-05 5.09728e-06 -0.234646 52.2432 21.6734 0.0449579
1.65906e-05 5.09728e-06 -0.234646 52.2432 21.6734 0.0449579
1.65906e-05 5.09728e-06 -0.234646 52.2432 21.6734 0.0449579
1.65906e-05 5.09728e-06 -0.234646 52.2432 21.6734 0.0449579
1.6557e-05 5.03352e-06 -0.234677 52.2329 21.6642 0.0449604
1.6557e-05 5.03352e-06 -0.234677 52.2329 21.6642 0.0449604
1.6557e-05 5.03352e-06 -0.234677 52.2329 21.6642 0.0449604
1.6557e-05 5.03352e-06 -0.234677 52.2329 21.6642 0.0449604
1.6557e-05 5.03352e-06 -0.234677 52.2329 21.6642 0.0449604
1.65461e-05 5.03217e-06 -0.234634 52.2339 21.6734 0.0449597
1.65461e-05 5.03217e-06 -0.234634 52.2339 21.6734 0.0449597
1.65461e-05 5.03217e-06 -0.234634 52.2339 21.6734 0.0449597
1.65461e-05 5.03217e-06 -0.234634 52.2339 21.6734 0.0449597
1.65461e-05 5.03217e-06 -0.234634 52.2339 21.6734 0.0449597
1.65818e-05 5.08725e-06 -0.234715 52.2282 21.6689 0.0449605
1.65818e-05 5.08725e-06 -0.234715 52.2282 21.6689 0.0449605
1.65818e-05 5.08725e-06 -0.234715 52.2282 21.6689 0.0449605
1.65818e-05 5.08725e-06 -0.234715 52.2282 21.6689 0.0449605
1.65818e-05 5.08725e-06 -0.234715 52.2282 21.6689 0.0449605
1.65718e-05 5.07524e-06 -0.234671 52.2401 21.6776 0.0449578
1.65718e-05 5.07524e-06 -0.234671 52.2401 21.6776 0.0449578
1.65718e-05 5.07524e-06 -0.234671 52.2401 21.6776 0.0449578
1.65718e-05 5.07524e-06 -0.234671 52.2401 21.6776 0.0449578
1.65718e-05 5.07524e-06 -0.234671 52.2401 21.6776 0.0449578
1.64631e-05 5.13341e-06 -0.234518 52.2401 21.6918 0.0449596
1.64631e-05 5.13341e-06 -0.234518 52.2401 21.6918 0.0449596
1.64631e-05 5.13341e-06 -0.234518 52.2401 21.6918 0.0449596
1.64631e-05 5.13341e-06 -0.234518 52.2401 21.6918 0.0449596
1.64631e-05 5.13341e-06 -0.234518 52.2401 21.6918 0.0449596
1.65138e-05 5.19984e-06 -0.234578 52.2433 21.6943 0.0449572
1.65138e-05 5.19984e-06 -0.234578 52.2433 21.6943 0.0449572
1.65138e-05 5.19984e-06 -0.234578 52.2433 21.6943 0.0449572
1.65138e-05 5.19984e-06 -0.234578 52.2433 21.6943 0.0449572
1.65138e-05 5.19984e-06 -0.234578 52.2433 21.6943 0.0449572
1.65147e-05 5.09408e-06 -0.234802 52.2335 21.6729 0.044954
1.65147e-05 5.09408e-06 -0.234802 52.2335 21.6729 0.044954
1.65147e-05 5.09408e-06 -0.234802 52.2335 21.6729 0.044954
1.65147e-05 5.09408e-06 -0.234802 52.2335 21.6729 0.044954
1.65147e-05 5.09408e-06 -0.234802 52.2335 21.6729 0.044954
1.64774e-05 5.03986e-06 -0.234665 52.233 21.6654 0.044958
1.64774e-05 5.03986e-06 -0.234665 52.233 21.6654 0.044958
1.64774e-05 5.03986e-06 -0.234665 52.233 21.6654 0.044958
1.64774e-05 5.03986e-06 -0.234665 52.233 21.6654 0.044958
1.64774e-05 5.03986e-06 -0.234665 52.233 21.6654 0.044958
1.65174e-05 5.09448e-06 -0.234526 52.2349 21.683 0.044955
1.65174e-05 5.09448e-06 -0.234526 52.2349 21.683 0.044955
1.65174e-05 5.09448e-06 -0.234526 52.2349 21.683 0.044955
1.65174e-05 5.09448e-06 -0.234526 52.2349 21.683 0.044955
1.65174e-05 5.09448e-06 -0.234526 52.2349 21.683 0.044955
1.65202e-05 5.10182e-06 -0.234494 52.2324 21.6966 0.0449564
1.65202e-05 5.10182e-06 -0.234494 52.2324 21.6966 0.0449564
1.65202e-05 5.10182e-06 -0.234494 52.2324 21.6966 0.0449564
1.65202e-05 5.10182e-06 -0.234494 52.2324 21.6966 0.0449564
1.65202e-05 5.10182e-06 -0.234494 52.2324 21.6966 0.0449564
[1.652009193942637e-05, 5.102655809852856e-06, -0.234602600682188, 52.23826548336059, 21.68489877646948, 0.04495611155628088;
 1.652009193942637e-05, 5.102655809852856e-06, -0.234602600682188, 52.23826548336059, 21.68489877646948, 0.04495611155628088;
 1.652009193942637e-05, 5.102655809852856e-06, -0.234602600682188, 52.23826548336059, 21.68489877646948, 0.04495611155628088;
 1.652009193942637e-05, 5.102655809852856e-06, -0.234602600682188, 52.23826548336059, 21.68489877646948, 0.04495611155628088;
 1.652009193942637e-05, 5.102655809852856e-06, -0.234602600682188, 52.23826548336059, 21.68489877646948, 0.04495611155628088;
 1.651263007291481e-05, 5.166729144205762e-06, -0.2349888090708906, 52.19078179746835, 21.71709434287753, 0.0449550443149512;
 1.651263007291481e-05, 5.166729144205762e-06, -0.2349888090708906, 52.19078179746835, 21.71709434287753, 0.0449550443149512;
 1.651263007291481e-05, 5.166729144205762e-06, -0.2349888090708906, 52.19078179746835, 21.71709434287753, 0.0449550443149512;
 1.651263007291481e-05, 5.166729144205762e-06, -0.2349888090708906, 52.19078179746835, 21.71709434287753, 0.0449550443149512;
 1.651263007291481e-05, 5.166729144205762e-06, -0.2349888090708906, 52.19078179746835, 21.71709434287753, 0.0449550443149512;
 1.657914918451338e-05, 5.07494475015852e-06, -0.2345685459292133, 52.21929538037304, 21.68083571827954, 0.04495844134819215;
 1.657914918451338e-05, 5.07494475015852e-06, -0.2345685459292133, 52.21929538037304, 21.68083571827954, 0.04495844134819215;
 1.657914918451338e-05, 5.07494475015852e-06, -0.2345685459292133, 52.21929538037304, 21.68083571827954, 0.04495844134819215;
 1.657914918451338e-05, 5.07494475015852e-06, -0.2345685459292133, 52.21929538037304, 21.68083571827954, 0.04495844134819215;
 1.657914918451338e-05, 5.07494475015852e-06, -0.2345685459292133, 52.21929538037304, 21.68083571827954, 0.04495844134819215;
 1.656184523944982e-05, 5.071284843983055e-06, -0.2345086350076169, 52.22302377188752, 21.69598081593674, 0.04495570699392463;
 1.656184523944982e-05, 5.071284843983055e-06, -0.2345086350076169, 52.22302377188752, 21.69598081593674, 0.04495570699392463;
 1.656184523944982e-05, 5.071284843983055e-06, -0.2345086350076169, 52.22302377188752, 21.69598081593674, 0.04495570699392463;
 1.656184523944982e-05, 5.071284843983055e-06, -0.2345086350076169, 52.22302377188752, 21.69598081593674, 0.04495570699392463;
 1.656184523944982e-05, 5.071284843983055e-06, -0.2345086350076169, 52.22302377188752, 21.69598081593674, 0.04495570699392463;
 1.652821160410262e-05, 5.129075533437938e-06, -0.234378034716347, 52.22257175022201, 21.7006971087067, 0.04496082387959196;
 1.652821160410262e-05, 5.129075533437938e-06, -0.234378034716347, 52.22257175022201, 21.7006971087067, 0.04496082387959196;
 1.652821160410262e-05, 5.129075533437938e-06, -0.234378034716347, 52.22257175022201, 21.7006971087067, 0.04496082387959196;
 1.652821160410262e-05, 5.129075533437938e-06, -0.234378034716347, 52.22257175022201, 21.7006971087067, 0.04496082387959196;
 1.652821160410262e-05, 5.129075533437938e-06, -0.234378034716347, 52.22257175022201, 21.7006971087067, 0.04496082387959196;
 1.648420994971789e-05, 5.207883748932031e-06, -0.2344718209971346, 52.21042822162179, 21.70671345673221, 0.04496126714728817;
 1.648420994971789e-05, 5.207883748932031e-06, -0.2344718209971346, 52.21042822162179, 21.70671345673221, 0.04496126714728817;
 1.648420994971789e-05, 5.207883748932031e-06, -0.2344718209971346, 52.21042822162179, 21.70671345673221, 0.04496126714728817;
 1.648420994971789e-05, 5.207883748932031e-06, -0.2344718209971346, 52.21042822162179, 21.70671345673221, 0.04496126714728817;
 1.648420994971789e-05, 5.207883748932031e-06, -0.2344718209971346, 52.21042822162179, 21.70671345673221, 0.04496126714728817;
 1.655226314664925e-05, 5.18870909424293e-06, -0.2344978932074078, 52.21645843944501, 21.70867474099511, 0.04496174243318879;
 1.655226314664925e-05, 5.18870909424293e-06, -0.2344978932074078, 52.21645843944501, 21.70867474099511, 0.04496174243318879;
 1.655226314664925e-05, 5.18870909424293e-06, -0.2344978932074078, 52.21645843944501, 21.70867474099511, 0.04496174243318879;
 1.655226314664925e-05, 5.18870909424293e-06, -0.2344978932074078, 52.21645843944501, 21.70867474099511, 0.04496174243318879;
 1.655226314664925e-05, 5.18870909424293e-06, -0.2344978932074078, 52.21645843944501, 21.70867474099511, 0.04496174243318879;
 1.653831083173761e-05, 5.185924194891117e-06, -0.2345173444741365, 52.21401055445377, 21.700883532432, 0.04496294551455663;
 1.653831083173761e-05, 5.185924194891117e-06, -0.2345173444741365, 52.21401055445377, 21.700883532432, 0.04496294551455663;
 1.653831083173761e-05, 5.185924194891117e-06, -0.2345173444741365, 52.21401055445377, 21.700883532432, 0.04496294551455663;
 1.653831083173761e-05, 5.185924194891117e-06, -0.2345173444741365, 52.21401055445377, 21.700883532432, 0.04496294551455663;
 1.653831083173761e-05, 5.185924194891117e-06, -0.2345173444741365, 52.21401055445377, 21.700883532432, 0.04496294551455663;
 1.661229872950574e-05, 5.07469197622424e-06, -0.2345389670851806, 52.22400173449697, 21.68893365650461, 0.04495826634244386;
 1.661229872950574e-05, 5.07469197622424e-06, -0.2345389670851806, 52.22400173449697, 21.68893365650461, 0.04495826634244386;
 1.661229872950574e-05, 5.07469197622424e-06, -0.2345389670851806, 52.22400173449697, 21.68893365650461, 0.04495826634244386;
 1.661229872950574e-05, 5.07469197622424e-06, -0.2345389670851806, 52.22400173449697, 21.68893365650461, 0.04495826634244386;
 1.661229872950574e-05, 5.07469197622424e-06, -0.2345389670851806, 52.22400173449697, 21.68893365650461, 0.04495826634244386;
 1.656861510242071e-05, 5.071970962768676e-06, -0.2346605697984642, 52.26874288801704, 21.68991284648894, 0.04496399753595002;
 1.656861510242071e-05, 5.071970962768676e-06, -0.2346605697984642, 52.26874288801704, 21.68991284648894, 0.04496399753595002;
 1.656861510242071e-05, 5.071970962768676e-06, -0.2346605697984642, 52.26874288801704, 21.68991284648894, 0.04496399753595002;
 1.656861510242071e-05, 5.071970962768676e-06, -0.2346605697984642, 52.26874288801704, 21.68991284648894, 0.04496399753595002;
 1.656861510242071e-05, 5.071970962768676e-06, -0.2346605697984642, 52.26874288801704, 21.68991284648894, 0.04496399753595002;
 1.654980898928496e-05, 5.070093335514838e-06, -0.2344199710671164, 52.2283875942428, 21.7072467241342, 0.04496108937304471;
 1.654980898928496e-05, 5.070093335514838e-06, -0.2344199710671164, 52.2283875942428, 21.7072467241342, 0.04496108937304471;
 1.654980898928496e-05, 5.070093335514838e-06, -0.2344199710671164, 52.2283875942428, 21.7072467241342, 0.04496108937304471;
 1.654980898928496e-05, 5.070093335514838e-06, -0.2344199710671164, 52.2283875942428, 21.7072467241342, 0.04496108937304471;
 1.654980898928496e-05, 5.070093335514838e-06, -0.2344199710671164, 52.2283875942428, 21.7072467241342, 0.04496108937304471;
 1.652591193397659e-05, 5.07250936643516e-06, -0.2345511060528963, 52.22958211596109, 21.70271081317445, 0.04496158602343505;
 1.652591193397659e-05, 5.07250936643516e-06, -0.2345511060528963, 52.22958211596109, 21.70271081317445, 0.04496158602343505;
 1.652591193397659e-05, 5.07250936643516e-06, -0.2345511060528963, 52.22958211596109, 21.70271081317445, 0.04496158602343505;
 1.652591193397659e-05, 5.07250936643516e-06, -0.2345511060528963, 52.22958211596109, 21.70271081317445, 0.04496158602343505;
 1.652591193397659e-05, 5.07250936643516e-06, -0.2345511060528963, 52.22958211596109, 21.70271081317445, 0.04496158602343505;
 1.657504009027806e-05, 5.201448136206607e-06, -0.2345403504897505, 52.21673271918775, 21.70941239087587, 0.04496148124124619;
 1.657504009027806e-05, 5.201448136206607e-06, -0.2345403504897505, 52.21673271918775, 21.70941239087587, 0.04496148124124619;
 1.657504009027806e-05, 5.201448136206607e-06, -0.2345403504897505, 52.21673271918775, 21.70941239087587, 0.04496148124124619;
 1.657504009027806e-05, 5.201448136206607e-06, -0.2345403504897505, 52.21673271918775, 21.70941239087587, 0.04496148124124619;
 1.657504009027806e-05, 5.201448136206607e-06, -0.2345403504897505, 52.21673271918775, 21.70941239087587, 0.04496148124124619;
 1.657678451463145e-05, 5.156803978325302e-06, -0.2345062893595551, 52.21621726651201, 21.71028712130624, 0.0449589679899019;
 1.657678451463145e-05, 5.156803978325302e-06, -0.2345062893595551, 52.21621726651201, 21.71028712130624, 0.0449589679899019;
 1.657678451463145e-05, 5.156803978325302e-06, -0.2345062893595551, 52.21621726651201, 21.71028712130624, 0.0449589679899019;
 1.657678451463145e-05, 5.156803978325302e-06, -0.2345062893595551, 52.21621726651201, 21.71028712130624, 0.0449589679899019;
 1.657678451463145e-05, 5.156803978325302e-06, -0.2345062893595551, 52.21621726651201, 21.71028712130624, 0.0449589679899019;
 1.653079724449227e-05, 5.070415946437851e-06, -0.2344673643823396, 52.23306584399431, 21.69706738941571, 0.04495837834245763;
 1.653079724449227e-05, 5.070415946437851e-06, -0.2344673643823396, 52.23306584399431, 21.69706738941571, 0.04495837834245763;
 1.653079724449227e-05, 5.070415946437851e-06, -0.2344673643823396, 52.23306584399431, 21.69706738941571, 0.04495837834245763;
 1.653079724449227e-05, 5.070415946437851e-06, -0.2344673643823396, 52.23306584399431, 21.69706738941571, 0.04495837834245763;
 1.653079724449227e-05, 5.070415946437851e-06, -0.2344673643823396, 52.23306584399431, 21.69706738941571, 0.04495837834245763;
 1.651441750888909e-05, 5.174684694264752e-06, -0.2345207318194933, 52.25754921572558, 21.70158190672852, 0.04496450717398585;
 1.651441750888909e-05, 5.174684694264752e-06, -0.2345207318194933, 52.25754921572558, 21.70158190672852, 0.04496450717398585;
 1.651441750888909e-05, 5.174684694264752e-06, -0.2345207318194933, 52.25754921572558, 21.70158190672852, 0.04496450717398585;
 1.651441750888909e-05, 5.174684694264752e-06, -0.2345207318194933, 52.25754921572558, 21.70158190672852, 0.04496450717398585;
 1.651441750888909e-05, 5.174684694264752e-06, -0.2345207318194933, 52.25754921572558, 21.70158190672852, 0.04496450717398585;
 1.660334382693765e-05, 5.075364242871097e-06, -0.2346622642776138, 52.23956949627028, 21.67732820358793, 0.04495928093694106;
 1.660334382693765e-05, 5.075364242871097e-06, -0.2346622642776138, 52.23956949627028, 21.67732820358793, 0.04495928093694106;
 1.660334382693765e-05, 5.075364242871097e-06, -0.2346622642776138, 52.23956949627028, 21.67732820358793, 0.04495928093694106;
 1.660334382693765e-05, 5.075364242871097e-06, -0.2346622642776138, 52.23956949627028, 21.67732820358793, 0.04495928093694106;
 1.660334382693765e-05, 5.075364242871097e-06, -0.2346622642776138, 52.23956949627028, 21.67732820358793, 0.04495928093694106;
 1.658222327605258e-05, 5.060676562543049e-06, -0.2346766668499987, 52.22286916949341, 21.69147283216182, 0.04495889980938944;
 1.658222327605258e-05, 5.060676562543049e-06, -0.2346766668499987, 52.22286916949341, 21.69147283216182, 0.04495889980938944;
 1.658222327605258e-05, 5.060676562543049e-06, -0.2346766668499987, 52.22286916949341, 21.69147283216182, 0.04495889980938944;
 1.658222327605258e-05, 5.060676562543049e-06, -0.2346766668499987, 52.22286916949341, 21.69147283216182, 0.04495889980938944;
 1.658222327605258e-05, 5.060676562543049e-06, -0.2346766668499987, 52.22286916949341, 21.69147283216182, 0.04495889980938944;
 1.655858124848144e-05, 5.040586128443025e-06, -0.2347321902751141, 52.23461754256121, 21.67691423611114, 0.04495960407222743;
 1.655858124848144e-05, 5.040586128443025e-06, -0.2347321902751141, 52.23461754256121, 21.67691423611114, 0.04495960407222743;
 1.655858124848144e-05, 5.040586128443025e-06, -0.2347321902751141, 52.23461754256121, 21.67691423611114, 0.04495960407222743;
 1.655858124848144e-05, 5.040586128443025e-06, -0.2347321902751141, 52.23461754256121, 21.67691423611114, 0.04495960407222743;
 1.655858124848144e-05, 5.040586128443025e-06, -0.2347321902751141, 52.23461754256121, 21.67691423611114, 0.04495960407222743;
 1.655259278844376e-05, 5.055586855196254e-06, -0.2346884778406486, 52.23446356909424, 21.67773224171765, 0.04496399725226244;
 1.655259278844376e-05, 5.055586855196254e-06, -0.2346884778406486, 52.23446356909424, 21.67773224171765, 0.04496399725226244;
 1.655259278844376e-05, 5.055586855196254e-06, -0.2346884778406486, 52.23446356909424, 21.67773224171765, 0.04496399725226244;
 1.655259278844376e-05, 5.055586855196254e-06, -0.2346884778406486, 52.23446356909424, 21.67773224171765, 0.04496399725226244;
 1.655259278844376e-05, 5.055586855196254e-06, -0.2346884778406486, 52.23446356909424, 21.67773224171765, 0.04496399725226244;
 1.656313400555181e-05, 5.061595935461989e-06, -0.2344642186523588, 52.26377481015904, 21.68070474646679, 0.04495828937593208;
 1.656313400555181e-05, 5.061595935461989e-06, -0.2344642186523588, 52.26377481015904, 21.68070474646679, 0.04495828937593208;
 1.656313400555181e-05, 5.061595935461989e-06, -0.2344642186523588, 52.26377481015904, 21.68070474646679, 0.04495828937593208;
 1.656313400555181e-05, 5.061595935461989e-06, -0.2344642186523588, 52.26377481015904, 21.68070474646679, 0.04495828937593208;
 1.656313400555181e-05, 5.061595935461989e-06, -0.2344642186523588, 52.26377481015904, 21.68070474646679, 0.04495828937593208;
 1.657685367266029e-05, 5.024937184983398e-06, -0.2347106781193337, 52.22876126364097, 21.68037665000557, 0.04495825972279299;
 1.657685367266029e-05, 5.024937184983398e-06, -0.2347106781193337, 52.22876126364097, 21.68037665000557, 0.04495825972279299;
 1.657685367266029e-05, 5.024937184983398e-06, -0.2347106781193337, 52.22876126364097, 21.68037665000557, 0.04495825972279299;
 1.657685367266029e-05, 5.024937184983398e-06, -0.2347106781193337, 52.22876126364097, 21.68037665000557, 0.04495825972279299;
 1.657685367266029e-05, 5.024937184983398e-06, -0.2347106781193337, 52.22876126364097, 21.68037665000557, 0.04495825972279299;
 1.659064589735955e-05, 5.097280280879168e-06, -0.2346458201484945, 52.24315799842644, 21.67344477418339, 0.04495789486276598;
 1.659064589735955e-05, 5.097280280879168e-06, -0.2346458201484945, 52.24315799842644, 21.67344477418339, 0.04495789486276598;
 1.659064589735955e-05, 5.097280280879168e-06, -0.2346458201484945, 52.24315799842644, 21.67344477418339, 0.04495789486276598;
 1.659064589735955e-05, 5.097280280879168e-06, -0.2346458201484945, 52.24315799842644, 21.67344477418339, 0.04495789486276598;
 1.659064589735955e-05, 5.097280280879168e-06, -0.2346458201484945, 52.24315799842644, 21.67344477418339, 0.04495789486276598;
 1.655702600172524e-05, 5.033519946510811e-06, -0.234676647894957, 52.23287856904935, 21.66417609532978, 0.0449604484282332;
 1.655702600172524e-05, 5.033519946510811e-06, -0.234676647894957, 52.23287856904935, 21.66417609532978, 0.0449604484282332;
 1.655702600172524e-05, 5.033519946510811e-06, -0.234676647894957, 52.23287856904935, 21.66417609532978, 0.0449604484282332;
 1.655702600172524e-05, 5.033519946510811e-06, -0.234676647894957, 52.23287856904935, 21.66417609532978, 0.0449604484282332;
 1.655702600172524e-05, 5.033519946510811e-06, -0.234676647894957, 52.23287856904935, 21.66417609532978, 0.0449604484282332;
 1.654614026367828e-05, 5.032165361069482e-06, -0.2346340456048867, 52.23385509839403, 21.67337619426208, 0.04495972540052364;
 1.654614026367828e-05, 5.032165361069482e-06, -0.2346340456048867, 52.23385509839403, 21.67337619426208, 0.04495972540052364;
 1.654614026367828e-05, 5.032165361069482e-06, -0.2346340456048867, 52.23385509839403, 21.67337619426208, 0.04495972540052364;
 1.654614026367828e-05, 5.032165361069482e-06, -0.2346340456048867, 52.23385509839403, 21.67337619426208, 0.04495972540052364;
 1.654614026367828e-05, 5.032165361069482e-06, -0.2346340456048867, 52.23385509839403, 21.67337619426208, 0.04495972540052364;
 1.65817560248526e-05, 5.087247265532778e-06, -0.2347147900234062, 52.22816856606475, 21.66892605820729, 0.04496052228734426;
 1.65817560248526e-05, 5.087247265532778e-06, -0.2347147900234062, 52.22816856606475, 21.66892605820729, 0.04496052228734426;
 1.65817560248526e-05, 5.087247265532778e-06, -0.2347147900234062, 52.22816856606475, 21.66892605820729, 0.04496052228734426;
 1.65817560248526e-05, 5.087247265532778e-06, -0.2347147900234062, 52.22816856606475, 21.66892605820729, 0.04496052228734426;
 1.65817560248526e-05, 5.087247265532778e-06, -0.2347147900234062, 52.22816856606475, 21.66892605820729, 0.04496052228734426;
 1.657177166967887e-05, 5.075244093295204e-06, -0.2346710656384626, 52.24006439772413, 21.67756215259582, 0.04495777317744196;
 1.657177166967887e-05, 5.075244093295204e-06, -0.2346710656384626, 52.24006439772413, 21.67756215259582, 0.04495777317744196;
 1.657177166967887e-05, 5.075244093295204e-06, -0.2346710656384626, 52.24006439772413, 21.67756215259582, 0.04495777317744196;
 1.657177166967887e-05, 5.075244093295204e-06, -0.2346710656384626, 52.24006439772413, 21.67756215259582, 0.04495777317744196;
 1.657177166967887e-05, 5.075244093295204e-06, -0.2346710656384626, 52.24006439772413, 21.67756215259582, 0.04495777317744196;
 1.646313314196544e-05, 5.133406984868679e-06, -0.2345183204538527, 52.24012163679461, 21.69183803472284, 0.04495956001146122;
 1.646313314196544e-05, 5.133406984868679e-06, -0.2345183204538527, 52.24012163679461, 21.69183803472284, 0.04495956001146122;
 1.646313314196544e-05, 5.133406984868679e-06, -0.2345183204538527, 52.24012163679461, 21.69183803472284, 0.04495956001146122;
 1.646313314196544e-05, 5.133406984868679e-06, -0.2345183204538527, 52.24012163679461, 21.69183803472284, 0.04495956001146122;
 1.646313314196544e-05, 5.133406984868679e-06, -0.2345183204538527, 52.24012163679461, 21.69183803472284, 0.04495956001146122;
 1.651383457353787e-05, 5.199836997765614e-06, -0.2345782031563041, 52.24328681663916, 21.69426199062884, 0.04495723283922272;
 1.651383457353787e-05, 5.199836997765614e-06, -0.2345782031563041, 52.24328681663916, 21.69426199062884, 0.04495723283922272;
 1.651383457353787e-05, 5.199836997765614e-06, -0.2345782031563041, 52.24328681663916, 21.69426199062884, 0.04495723283922272;
 1.651383457353787e-05, 5.199836997765614e-06, -0.2345782031563041, 52.24328681663916, 21.69426199062884, 0.04495723283922272;
 1.651383457353787e-05, 5.199836997765614e-06, -0.2345782031563041, 52.24328681663916, 21.69426199062884, 0.04495723283922272;
 1.651474203197172e-05, 5.094081723684041e-06, -0.2348023752689004, 52.23347253609995, 21.67291821582614, 0.044953963297969;
 1.651474203197172e-05, 5.094081723684041e-06, -0.2348023752689004, 52.23347253609995, 21.67291821582614, 0.044953963297969;
 1.651474203197172e-05, 5.094081723684041e-06, -0.2348023752689004, 52.23347253609995, 21.67291821582614, 0.044953963297969;
 1.651474203197172e-05, 5.094081723684041e-06, -0.2348023752689004, 52.23347253609995, 21.67291821582614, 0.044953963297969;
 1.651474203197172e-05, 5.094081723684041e-06, -0.2348023752689004, 52.23347253609995, 21.67291821582614, 0.044953963297969;
 1.647743630557656e-05, 5.039859192004479e-06, -0.2346646277915612, 52.23300920450421, 21.66540161264922, 0.04495796769223166;
 1.647743630557656e-05, 5.039859192004479e-06, -0.2346646277915612, 52.23300920450421, 21.66540161264922, 0.04495796769223166;
 1.647743630557656e-05, 5.039859192004479e-06, -0.2346646277915612, 52.23300920450421, 21.66540161264922, 0.04495796769223166;
 1.647743630557656e-05, 5.039859192004479e-06, -0.2346646277915612, 52.23300920450421, 21.66540161264922, 0.04495796769223166;
 1.647743630557656e-05, 5.039859192004479e-06, -0.2346646277915612, 52.23300920450421, 21.66540161264922, 0.04495796769223166;
 1.651740218032366e-05, 5.094480498783274e-06, -0.2345261498878026, 52.23486335165811, 21.68297397540204, 0.044955011939182;
 1.651740218032366e-05, 5.094480498783274e-06, -0.2345261498878026, 52.23486335165811, 21.68297397540204, 0.044955011939182;
 1.651740218032366e-05, 5.094480498783274e-06, -0.2345261498878026, 52.23486335165811, 21.68297397540204, 0.044955011939182;
 1.651740218032366e-05, 5.094480498783274e-06, -0.2345261498878026, 52.23486335165811, 21.68297397540204, 0.044955011939182;
 1.651740218032366e-05, 5.094480498783274e-06, -0.2345261498878026, 52.23486335165811, 21.68297397540204, 0.044955011939182;
 1.652019129500782e-05, 5.101819739180578e-06, -0.234494454774599, 52.23236510375953, 21.69662509948214, 0.04495637158260164;
 1.652019129500782e-05, 5.101819739180578e-06, -0.234494454774599, 52.23236510375953, 21.69662509948214, 0.04495637158260164;
 1.652019129500782e-05, 5.101819739180578e-06, -0.234494454774599, 52.23236510375953, 21.69662509948214, 0.04495637158260164;
 1.652019129500782e-05, 5.101819739180578e-06, -0.234494454774599, 52.23236510375953, 21.69662509948214, 0.04495637158260164;
 1.652019129500782e-05, 5.101819739180578e-06, -0.234494454774599, 52.23236510375953, 21.69662509948214, 0.04495637158260164]1.652009193942637e-05, 5.102655809852856e-06, -0.234602600682188, 52.23826548336059, 21.68489877646948, 0.04495611155628088
1.652009193942637e-05, 5.102655809852856e-06, -0.234602600682188, 52.23826548336059, 21.68489877646948, 0.04495611155628088
1.652009193942637e-05, 5.102655809852856e-06, -0.234602600682188, 52.23826548336059, 21.68489877646948, 0.04495611155628088
1.652009193942637e-05, 5.102655809852856e-06, -0.234602600682188, 52.23826548336059, 21.68489877646948, 0.04495611155628088
1.652009193942637e-05, 5.102655809852856e-06, -0.234602600682188, 52.23826548336059, 21.68489877646948, 0.04495611155628088
1.651263007291481e-05, 5.166729144205762e-06, -0.2349888090708906, 52.19078179746835, 21.71709434287753, 0.0449550443149512
1.651263007291481e-05, 5.166729144205762e-06, -0.2349888090708906, 52.19078179746835, 21.71709434287753, 0.0449550443149512
1.651263007291481e-05, 5.166729144205762e-06, -0.2349888090708906, 52.19078179746835, 21.71709434287753, 0.0449550443149512
1.651263007291481e-05, 5.166729144205762e-06, -0.2349888090708906, 52.19078179746835, 21.71709434287753, 0.0449550443149512
1.651263007291481e-05, 5.166729144205762e-06, -0.2349888090708906, 52.19078179746835, 21.71709434287753, 0.0449550443149512
1.657914918451338e-05, 5.07494475015852e-06, -0.2345685459292133, 52.21929538037304, 21.68083571827954, 0.04495844134819215
1.657914918451338e-05, 5.07494475015852e-06, -0.2345685459292133, 52.21929538037304, 21.68083571827954, 0.04495844134819215
1.657914918451338e-05, 5.07494475015852e-06, -0.2345685459292133, 52.21929538037304, 21.68083571827954, 0.04495844134819215
1.657914918451338e-05, 5.07494475015852e-06, -0.2345685459292133, 52.21929538037304, 21.68083571827954, 0.04495844134819215
1.657914918451338e-05, 5.07494475015852e-06, -0.2345685459292133, 52.21929538037304, 21.68083571827954, 0.04495844134819215
1.656184523944982e-05, 5.071284843983055e-06, -0.2345086350076169, 52.22302377188752, 21.69598081593674, 0.04495570699392463
1.656184523944982e-05, 5.071284843983055e-06, -0.2345086350076169, 52.22302377188752, 21.69598081593674, 0.04495570699392463
1.656184523944982e-05, 5.071284843983055e-06, -0.2345086350076169, 52.22302377188752, 21.69598081593674, 0.04495570699392463
1.656184523944982e-05, 5.071284843983055e-06, -0.2345086350076169, 52.22302377188752, 21.69598081593674, 0.04495570699392463
1.656184523944982e-05, 5.071284843983055e-06, -0.2345086350076169, 52.22302377188752, 21.69598081593674, 0.04495570699392463
1.652821160410262e-05, 5.129075533437938e-06, -0.234378034716347, 52.22257175022201, 21.7006971087067, 0.04496082387959196
1.652821160410262e-05, 5.129075533437938e-06, -0.234378034716347, 52.22257175022201, 21.7006971087067, 0.04496082387959196
1.652821160410262e-05, 5.129075533437938e-06, -0.234378034716347, 52.22257175022201, 21.7006971087067, 0.04496082387959196
1.652821160410262e-05, 5.129075533437938e-06, -0.234378034716347, 52.22257175022201, 21.7006971087067, 0.04496082387959196
1.652821160410262e-05, 5.129075533437938e-06, -0.234378034716347, 52.22257175022201, 21.7006971087067, 0.04496082387959196
1.648420994971789e-05, 5.207883748932031e-06, -0.2344718209971346, 52.21042822162179, 21.70671345673221, 0.04496126714728817
1.648420994971789e-05, 5.207883748932031e-06, -0.2344718209971346, 52.21042822162179, 21.70671345673221, 0.04496126714728817
1.648420994971789e-05, 5.207883748932031e-06, -0.2344718209971346, 52.21042822162179, 21.70671345673221, 0.04496126714728817
1.648420994971789e-05, 5.207883748932031e-06, -0.2344718209971346, 52.21042822162179, 21.70671345673221, 0.04496126714728817
1.648420994971789e-05, 5.207883748932031e-06, -0.2344718209971346, 52.21042822162179, 21.70671345673221, 0.04496126714728817
1.655226314664925e-05, 5.18870909424293e-06, -0.2344978932074078, 52.21645843944501, 21.70867474099511, 0.04496174243318879
1.655226314664925e-05, 5.18870909424293e-06, -0.2344978932074078, 52.21645843944501, 21.70867474099511, 0.04496174243318879
1.655226314664925e-05, 5.18870909424293e-06, -0.2344978932074078, 52.21645843944501, 21.70867474099511, 0.04496174243318879
1.655226314664925e-05, 5.18870909424293e-06, -0.2344978932074078, 52.21645843944501, 21.70867474099511, 0.04496174243318879
1.655226314664925e-05, 5.18870909424293e-06, -0.2344978932074078, 52.21645843944501, 21.70867474099511, 0.04496174243318879
1.653831083173761e-05, 5.185924194891117e-06, -0.2345173444741365, 52.21401055445377, 21.700883532432, 0.04496294551455663
1.653831083173761e-05, 5.185924194891117e-06, -0.2345173444741365, 52.21401055445377, 21.700883532432, 0.04496294551455663
1.653831083173761e-05, 5.185924194891117e-06, -0.2345173444741365, 52.21401055445377, 21.700883532432, 0.04496294551455663
1.653831083173761e-05, 5.185924194891117e-06, -0.2345173444741365, 52.21401055445377, 21.700883532432, 0.04496294551455663
1.653831083173761e-05, 5.185924194891117e-06, -0.2345173444741365, 52.21401055445377, 21.700883532432, 0.04496294551455663
1.661229872950574e-05, 5.07469197622424e-06, -0.2345389670851806, 52.22400173449697, 21.68893365650461, 0.04495826634244386
1.661229872950574e-05, 5.07469197622424e-06, -0.2345389670851806, 52.22400173449697, 21.68893365650461, 0.04495826634244386
1.661229872950574e-05, 5.07469197622424e-06, -0.2345389670851806, 52.22400173449697, 21.68893365650461, 0.04495826634244386
1.661229872950574e-05, 5.07469197622424e-06, -0.2345389670851806, 52.22400173449697, 21.68893365650461, 0.04495826634244386
1.661229872950574e-05, 5.07469197622424e-06, -0.2345389670851806, 52.22400173449697, 21.68893365650461, 0.04495826634244386
1.656861510242071e-05, 5.071970962768676e-06, -0.2346605697984642, 52.26874288801704, 21.68991284648894, 0.04496399753595002
1.656861510242071e-05, 5.071970962768676e-06, -0.2346605697984642, 52.26874288801704, 21.68991284648894, 0.04496399753595002
1.656861510242071e-05, 5.071970962768676e-06, -0.2346605697984642, 52.26874288801704, 21.68991284648894, 0.04496399753595002
1.656861510242071e-05, 5.071970962768676e-06, -0.2346605697984642, 52.26874288801704, 21.68991284648894, 0.04496399753595002
1.656861510242071e-05, 5.071970962768676e-06, -0.2346605697984642, 52.26874288801704, 21.68991284648894, 0.04496399753595002
1.654980898928496e-05, 5.070093335514838e-06, -0.2344199710671164, 52.2283875942428, 21.7072467241342, 0.04496108937304471
1.654980898928496e-05, 5.070093335514838e-06, -0.2344199710671164, 52.2283875942428, 21.7072467241342, 0.04496108937304471
1.654980898928496e-05, 5.070093335514838e-06, -0.2344199710671164, 52.2283875942428, 21.7072467241342, 0.04496108937304471
1.654980898928496e-05, 5.070093335514838e-06, -0.2344199710671164, 52.2283875942428, 21.7072467241342, 0.04496108937304471
1.654980898928496e-05, 5.070093335514838e-06, -0.2344199710671164, 52.2283875942428, 21.7072467241342, 0.04496108937304471
1.652591193397659e-05, 5.07250936643516e-06, -0.2345511060528963, 52.22958211596109, 21.70271081317445, 0.04496158602343505
1.652591193397659e-05, 5.07250936643516e-06, -0.2345511060528963, 52.22958211596109, 21.70271081317445, 0.04496158602343505
1.652591193397659e-05, 5.07250936643516e-06, -0.2345511060528963, 52.22958211596109, 21.70271081317445, 0.04496158602343505
1.652591193397659e-05, 5.07250936643516e-06, -0.2345511060528963, 52.22958211596109, 21.70271081317445, 0.04496158602343505
1.652591193397659e-05, 5.07250936643516e-06, -0.2345511060528963, 52.22958211596109, 21.70271081317445, 0.04496158602343505
1.657504009027806e-05, 5.201448136206607e-06, -0.2345403504897505, 52.21673271918775, 21.70941239087587, 0.04496148124124619
1.657504009027806e-05, 5.201448136206607e-06, -0.2345403504897505, 52.21673271918775, 21.70941239087587, 0.04496148124124619
1.657504009027806e-05, 5.201448136206607e-06, -0.2345403504897505, 52.21673271918775, 21.70941239087587, 0.04496148124124619
1.657504009027806e-05, 5.201448136206607e-06, -0.2345403504897505, 52.21673271918775, 21.70941239087587, 0.04496148124124619
1.657504009027806e-05, 5.201448136206607e-06, -0.2345403504897505, 52.21673271918775, 21.70941239087587, 0.04496148124124619
1.657678451463145e-05, 5.156803978325302e-06, -0.2345062893595551, 52.21621726651201, 21.71028712130624, 0.0449589679899019
1.657678451463145e-05, 5.156803978325302e-06, -0.2345062893595551, 52.21621726651201, 21.71028712130624, 0.0449589679899019
1.657678451463145e-05, 5.156803978325302e-06, -0.2345062893595551, 52.21621726651201, 21.71028712130624, 0.0449589679899019
1.657678451463145e-05, 5.156803978325302e-06, -0.2345062893595551, 52.21621726651201, 21.71028712130624, 0.0449589679899019
1.657678451463145e-05, 5.156803978325302e-06, -0.2345062893595551, 52.21621726651201, 21.71028712130624, 0.0449589679899019
1.653079724449227e-05, 5.070415946437851e-06, -0.2344673643823396, 52.23306584399431, 21.69706738941571, 0.04495837834245763
1.653079724449227e-05, 5.070415946437851e-06, -0.2344673643823396, 52.23306584399431, 21.69706738941571, 0.04495837834245763
1.653079724449227e-05, 5.070415946437851e-06, -0.2344673643823396, 52.23306584399431, 21.69706738941571, 0.04495837834245763
1.653079724449227e-05, 5.070415946437851e-06, -0.2344673643823396, 52.23306584399431, 21.69706738941571, 0.04495837834245763
1.653079724449227e-05, 5.070415946437851e-06, -0.2344673643823396, 52.23306584399431, 21.69706738941571, 0.04495837834245763
1.651441750888909e-05, 5.174684694264752e-06, -0.2345207318194933, 52.25754921572558, 21.70158190672852, 0.04496450717398585
1.651441750888909e-05, 5.174684694264752e-06, -0.2345207318194933, 52.25754921572558, 21.70158190672852, 0.04496450717398585
1.651441750888909e-05, 5.174684694264752e-06, -0.2345207318194933, 52.25754921572558, 21.70158190672852, 0.04496450717398585
1.651441750888909e-05, 5.174684694264752e-06, -0.2345207318194933, 52.25754921572558, 21.70158190672852, 0.04496450717398585
1.651441750888909e-05, 5.174684694264752e-06, -0.2345207318194933, 52.25754921572558, 21.70158190672852, 0.04496450717398585
1.660334382693765e-05, 5.075364242871097e-06, -0.2346622642776138, 52.23956949627028, 21.67732820358793, 0.04495928093694106
1.660334382693765e-05, 5.075364242871097e-06, -0.2346622642776138, 52.23956949627028, 21.67732820358793, 0.04495928093694106
1.660334382693765e-05, 5.075364242871097e-06, -0.2346622642776138, 52.23956949627028, 21.67732820358793, 0.04495928093694106
1.660334382693765e-05, 5.075364242871097e-06, -0.2346622642776138, 52.23956949627028, 21.67732820358793, 0.04495928093694106
1.660334382693765e-05, 5.075364242871097e-06, -0.2346622642776138, 52.23956949627028, 21.67732820358793, 0.04495928093694106
1.658222327605258e-05, 5.060676562543049e-06, -0.2346766668499987, 52.22286916949341, 21.69147283216182, 0.04495889980938944
1.658222327605258e-05, 5.060676562543049e-06, -0.2346766668499987, 52.22286916949341, 21.69147283216182, 0.04495889980938944
1.658222327605258e-05, 5.060676562543049e-06, -0.2346766668499987, 52.22286916949341, 21.69147283216182, 0.04495889980938944
1.658222327605258e-05, 5.060676562543049e-06, -0.2346766668499987, 52.22286916949341, 21.69147283216182, 0.04495889980938944
1.658222327605258e-05, 5.060676562543049e-06, -0.2346766668499987, 52.22286916949341, 21.69147283216182, 0.04495889980938944
1.655858124848144e-05, 5.040586128443025e-06, -0.2347321902751141, 52.23461754256121, 21.67691423611114, 0.04495960407222743
1.655858124848144e-05, 5.040586128443025e-06, -0.2347321902751141, 52.23461754256121, 21.67691423611114, 0.04495960407222743
1.655858124848144e-05, 5.040586128443025e-06, -0.2347321902751141, 52.23461754256121, 21.67691423611114, 0.04495960407222743
1.655858124848144e-05, 5.040586128443025e-06, -0.2347321902751141, 52.23461754256121, 21.67691423611114, 0.04495960407222743
1.655858124848144e-05, 5.040586128443025e-06, -0.2347321902751141, 52.23461754256121, 21.67691423611114, 0.04495960407222743
1.655259278844376e-05, 5.055586855196254e-06, -0.2346884778406486, 52.23446356909424, 21.67773224171765, 0.04496399725226244
1.655259278844376e-05, 5.055586855196254e-06, -0.2346884778406486, 52.23446356909424, 21.67773224171765, 0.04496399725226244
1.655259278844376e-05, 5.055586855196254e-06, -0.2346884778406486, 52.23446356909424, 21.67773224171765, 0.04496399725226244
1.655259278844376e-05, 5.055586855196254e-06, -0.2346884778406486, 52.23446356909424, 21.67773224171765, 0.04496399725226244
1.655259278844376e-05, 5.055586855196254e-06, -0.2346884778406486, 52.23446356909424, 21.67773224171765, 0.04496399725226244
1.656313400555181e-05, 5.061595935461989e-06, -0.2344642186523588, 52.26377481015904, 21.68070474646679, 0.04495828937593208
1.656313400555181e-05, 5.061595935461989e-06, -0.2344642186523588, 52.26377481015904, 21.68070474646679, 0.04495828937593208
1.656313400555181e-05, 5.061595935461989e-06, -0.2344642186523588, 52.26377481015904, 21.68070474646679, 0.04495828937593208
1.656313400555181e-05, 5.061595935461989e-06, -0.2344642186523588, 52.26377481015904, 21.68070474646679, 0.04495828937593208
1.656313400555181e-05, 5.061595935461989e-06, -0.2344642186523588, 52.26377481015904, 21.68070474646679, 0.04495828937593208
1.657685367266029e-05, 5.024937184983398e-06, -0.2347106781193337, 52.22876126364097, 21.68037665000557, 0.04495825972279299
1.657685367266029e-05, 5.024937184983398e-06, -0.2347106781193337, 52.22876126364097, 21.68037665000557, 0.04495825972279299
1.657685367266029e-05, 5.024937184983398e-06, -0.2347106781193337, 52.22876126364097, 21.68037665000557, 0.04495825972279299
1.657685367266029e-05, 5.024937184983398e-06, -0.2347106781193337, 52.22876126364097, 21.68037665000557, 0.04495825972279299
1.657685367266029e-05, 5.024937184983398e-06, -0.2347106781193337, 52.22876126364097, 21.68037665000557, 0.04495825972279299
1.659064589735955e-05, 5.097280280879168e-06, -0.2346458201484945, 52.24315799842644, 21.67344477418339, 0.04495789486276598
1.659064589735955e-05, 5.097280280879168e-06, -0.2346458201484945, 52.24315799842644, 21.67344477418339, 0.04495789486276598
1.659064589735955e-05, 5.097280280879168e-06, -0.2346458201484945, 52.24315799842644, 21.67344477418339, 0.04495789486276598
1.659064589735955e-05, 5.097280280879168e-06, -0.2346458201484945, 52.24315799842644, 21.67344477418339, 0.04495789486276598
1.659064589735955e-05, 5.097280280879168e-06, -0.2346458201484945, 52.24315799842644, 21.67344477418339, 0.04495789486276598
1.655702600172524e-05, 5.033519946510811e-06, -0.234676647894957, 52.23287856904935, 21.66417609532978, 0.0449604484282332
1.655702600172524e-05, 5.033519946510811e-06, -0.234676647894957, 52.23287856904935, 21.66417609532978, 0.0449604484282332
1.655702600172524e-05, 5.033519946510811e-06, -0.234676647894957, 52.23287856904935, 21.66417609532978, 0.0449604484282332
1.655702600172524e-05, 5.033519946510811e-06, -0.234676647894957, 52.23287856904935, 21.66417609532978, 0.0449604484282332
1.655702600172524e-05, 5.033519946510811e-06, -0.234676647894957, 52.23287856904935, 21.66417609532978, 0.0449604484282332
1.654614026367828e-05, 5.032165361069482e-06, -0.2346340456048867, 52.23385509839403, 21.67337619426208, 0.04495972540052364
1.654614026367828e-05, 5.032165361069482e-06, -0.2346340456048867, 52.23385509839403, 21.67337619426208, 0.04495972540052364
1.654614026367828e-05, 5.032165361069482e-06, -0.2346340456048867, 52.23385509839403, 21.67337619426208, 0.04495972540052364
1.654614026367828e-05, 5.032165361069482e-06, -0.2346340456048867, 52.23385509839403, 21.67337619426208, 0.04495972540052364
1.654614026367828e-05, 5.032165361069482e-06, -0.2346340456048867, 52.23385509839403, 21.67337619426208, 0.04495972540052364
1.65817560248526e-05, 5.087247265532778e-06, -0.2347147900234062, 52.22816856606475, 21.66892605820729, 0.04496052228734426
1.65817560248526e-05, 5.087247265532778e-06, -0.2347147900234062, 52.22816856606475, 21.66892605820729, 0.04496052228734426
1.65817560248526e-05, 5.087247265532778e-06, -0.2347147900234062, 52.22816856606475, 21.66892605820729, 0.04496052228734426
1.65817560248526e-05, 5.087247265532778e-06, -0.2347147900234062, 52.22816856606475, 21.66892605820729, 0.04496052228734426
1.65817560248526e-05, 5.087247265532778e-06, -0.2347147900234062, 52.22816856606475, 21.66892605820729, 0.04496052228734426
1.657177166967887e-05, 5.075244093295204e-06, -0.2346710656384626, 52.24006439772413, 21.67756215259582, 0.04495777317744196
1.657177166967887e-05, 5.075244093295204e-06, -0.2346710656384626, 52.24006439772413, 21.67756215259582, 0.04495777317744196
1.657177166967887e-05, 5.075244093295204e-06, -0.2346710656384626, 52.24006439772413, 21.67756215259582, 0.04495777317744196
1.657177166967887e-05, 5.075244093295204e-06, -0.2346710656384626, 52.24006439772413, 21.67756215259582, 0.04495777317744196
1.657177166967887e-05, 5.075244093295204e-06, -0.2346710656384626, 52.24006439772413, 21.67756215259582, 0.04495777317744196
1.646313314196544e-05, 5.133406984868679e-06, -0.2345183204538527, 52.24012163679461, 21.69183803472284, 0.04495956001146122
1.646313314196544e-05, 5.133406984868679e-06, -0.2345183204538527, 52.24012163679461, 21.69183803472284, 0.04495956001146122
1.646313314196544e-05, 5.133406984868679e-06, -0.2345183204538527, 52.24012163679461, 21.69183803472284, 0.04495956001146122
1.646313314196544e-05, 5.133406984868679e-06, -0.2345183204538527, 52.24012163679461, 21.69183803472284, 0.04495956001146122
1.646313314196544e-05, 5.133406984868679e-06, -0.2345183204538527, 52.24012163679461, 21.69183803472284, 0.04495956001146122
1.651383457353787e-05, 5.199836997765614e-06, -0.2345782031563041, 52.24328681663916, 21.69426199062884, 0.04495723283922272
1.651383457353787e-05, 5.199836997765614e-06, -0.2345782031563041, 52.24328681663916, 21.69426199062884, 0.04495723283922272
1.651383457353787e-05, 5.199836997765614e-06, -0.2345782031563041, 52.24328681663916, 21.69426199062884, 0.04495723283922272
1.651383457353787e-05, 5.199836997765614e-06, -0.2345782031563041, 52.24328681663916, 21.69426199062884, 0.04495723283922272
1.651383457353787e-05, 5.199836997765614e-06, -0.2345782031563041, 52.24328681663916, 21.69426199062884, 0.04495723283922272
1.651474203197172e-05, 5.094081723684041e-06, -0.2348023752689004, 52.23347253609995, 21.67291821582614, 0.044953963297969
1.651474203197172e-05, 5.094081723684041e-06, -0.2348023752689004, 52.23347253609995, 21.67291821582614, 0.044953963297969
1.651474203197172e-05, 5.094081723684041e-06, -0.2348023752689004, 52.23347253609995, 21.67291821582614, 0.044953963297969
1.651474203197172e-05, 5.094081723684041e-06, -0.2348023752689004, 52.23347253609995, 21.67291821582614, 0.044953963297969
1.651474203197172e-05, 5.094081723684041e-06, -0.2348023752689004, 52.23347253609995, 21.67291821582614, 0.044953963297969
1.647743630557656e-05, 5.039859192004479e-06, -0.2346646277915612, 52.23300920450421, 21.66540161264922, 0.04495796769223166
1.647743630557656e-05, 5.039859192004479e-06, -0.2346646277915612, 52.23300920450421, 21.66540161264922, 0.04495796769223166
1.647743630557656e-05, 5.039859192004479e-06, -0.2346646277915612, 52.23300920450421, 21.66540161264922, 0.04495796769223166
1.647743630557656e-05, 5.039859192004479e-06, -0.2346646277915612, 52.23300920450421, 21.66540161264922, 0.04495796769223166
1.647743630557656e-05, 5.039859192004479e-06, -0.2346646277915612, 52.23300920450421, 21.66540161264922, 0.04495796769223166
1.651740218032366e-05, 5.094480498783274e-06, -0.2345261498878026, 52.23486335165811, 21.68297397540204, 0.044955011939182
1.651740218032366e-05, 5.094480498783274e-06, -0.2345261498878026, 52.23486335165811, 21.68297397540204, 0.044955011939182
1.651740218032366e-05, 5.094480498783274e-06, -0.2345261498878026, 52.23486335165811, 21.68297397540204, 0.044955011939182
1.651740218032366e-05, 5.094480498783274e-06, -0.2345261498878026, 52.23486335165811, 21.68297397540204, 0.044955011939182
1.651740218032366e-05, 5.094480498783274e-06, -0.2345261498878026, 52.23486335165811, 21.68297397540204, 0.044955011939182
1.652019129500782e-05, 5.101819739180578e-06, -0.234494454774599, 52.23236510375953, 21.69662509948214, 0.04495637158260164
1.652019129500782e-05, 5.101819739180578e-06, -0.234494454774599, 52.23236510375953, 21.69662509948214, 0.04495637158260164
1.652019129500782e-05, 5.101819739180578e-06, -0.234494454774599, 52.23236510375953, 21.69662509948214, 0.04495637158260164
1.652019129500782e-05, 5.101819739180578e-06, -0.234494454774599, 52.23236510375953, 21.69662509948214, 0.04495637158260164
1.652019129500782e-05, 5.101819739180578e-06, -0.234494454774599, 52.23236510375953, 21.69662509948214, 0.04495637158260164

